%YAML:1.0
---
camera_matrix: !!opencv-matrix
   rows: 3
   cols: 3
   dt: d
   data: [ 1.6623942373073172e+02, 0., 1.6219011246829268e+02, 0.,
       1.6658809239740259e+02, 1.0982227735714285e+02, 0., 0., 1. ]
distortion_coefficients: !!opencv-matrix
   rows: 8
   cols: 1
   dt: d
   data: [ 2.1535688500000000e-01, -1.1747284600000001e-01,
       -3.0619767199999999e-04, -1.0944402500000000e-04,
       -4.5365725800000003e-03, 5.7309062300000002e-01,
       -1.2757457699999999e-01, -2.8612558900000001e-02 ]
image_width: 320
image_height: 240
